sin(0.0) = 0.0
sin(0.5235987755982988) = 0.49999999999999994
sin(0.7853981633974483) = 0.7071067811865475
sin(1.0471975511965976) = 0.8660254037844386
sin(1.5707963267948966) = 1.0
