R2_quase = 0.9116950354203089
R2_pred = 0.92284529670609
