E_PM = 2.7525672183781325e-5
E_TR = -1.4609724402259161e-5
